v1 (V),v2 (V),v3 (V),time (ms)
2.881,2.881,0.0,0.0
2.878,2.877,0.0,1.0
2.878,2.878,0.0,2.0
2.879,2.878,0.0,3.0
2.878,2.879,0.0,4.0
2.881,2.879,0.0,6.0
2.868,2.867,0.0,7.0
2.88,2.881,0.0,8.0
2.882,2.883,0.0,9.0
2.886,2.886,0.0,10.0
2.886,2.887,0.0,11.0
2.886,2.887,0.0,12.0
2.889,2.885,0.0,13.0
2.883,2.883,0.0,14.0
2.881,2.881,0.0,15.0
2.878,2.88,0.0,16.0
2.879,2.878,0.0,17.0
2.878,2.885,0.0,18.0
2.879,2.886,0.0,19.0
2.877,2.883,0.0,20.0
2.875,2.877,0.0,21.0
2.878,2.877,0.0,22.0
2.875,2.877,0.0,23.0
2.879,2.88,0.0,24.0
2.871,2.875,0.0,25.0
2.877,2.878,0.0,26.0
2.88,2.881,0.0,27.0
2.888,2.888,0.0,28.0
2.888,2.889,0.0,29.0
2.889,2.889,0.0,30.0
2.885,2.886,0.0,31.0
2.878,2.878,0.0,32.0
2.877,2.877,0.0,33.0
2.874,2.876,0.0,34.0
2.876,2.877,0.0,35.0
2.878,2.875,0.0,36.0
2.878,2.878,0.0,37.0
2.878,2.878,0.0,38.0
2.878,2.877,0.0,39.0
2.882,2.881,0.0,40.0
2.878,2.879,0.0,42.0
2.88,2.88,0.0,43.0
2.88,2.881,0.0,44.0
2.888,2.889,0.0,45.0
2.889,2.889,0.0,46.0
2.885,2.886,0.0,47.0
2.878,2.878,0.0,48.0
2.878,2.879,0.0,49.0
2.878,2.877,0.0,50.0
2.875,2.877,0.0,51.0
2.877,2.878,0.0,52.0
2.877,2.878,0.0,53.0
2.879,2.878,0.0,54.0
2.877,2.878,0.0,55.0
2.881,2.881,0.0,56.0
2.877,2.878,0.0,57.0
2.878,2.878,0.0,58.0
2.88,2.881,0.0,59.0
2.889,2.888,0.0,60.0
2.889,2.888,0.0,61.0
2.889,2.889,0.0,62.0
2.886,2.887,0.0,63.0
2.875,2.87,0.0,64.0
2.877,2.877,0.0,65.0
2.876,2.877,0.0,66.0
2.878,2.879,0.0,67.0
2.878,2.886,0.0,68.0
2.879,2.878,0.0,69.0
2.878,2.879,0.0,70.0
2.878,2.879,0.0,71.0
2.878,2.878,0.0,72.0
2.88,2.88,0.0,73.0
2.881,2.881,0.0,74.0
2.887,2.887,0.0,75.0
2.889,2.889,0.0,76.0
2.889,2.889,0.0,77.0
2.889,2.889,0.0,78.0
