v1 (V),v2 (V),v3 (V),time (ms)
0.0,2.884,2.884,0.0
0.0,2.881,2.881,1.0
0.0,2.88,2.881,2.0
0.0,2.88,2.881,3.0
0.0,2.882,2.881,4.0
0.0,2.881,2.876,5.0
0.0,2.881,2.882,6.0
0.0,2.883,2.883,7.0
0.0,2.936,2.936,8.0
0.0,2.936,2.936,9.0
0.0,2.936,2.936,10.0
0.0,2.936,2.936,11.0
0.0,2.936,2.941,12.0
0.0,2.936,2.936,13.0
0.0,2.936,2.936,14.0
0.0,2.938,2.937,15.0
0.0,2.888,2.889,16.0
0.0,2.884,2.885,17.0
0.0,2.883,2.886,18.0
0.0,2.884,2.885,19.0
0.0,2.883,2.882,20.0
0.0,2.881,2.875,21.0
0.0,2.882,2.882,22.0
0.0,2.882,2.883,23.0
0.0,2.938,2.93,24.0
0.0,2.936,2.937,25.0
0.0,2.936,2.936,26.0
0.0,2.936,2.936,27.0
0.0,2.936,2.936,28.0
0.0,2.936,2.936,29.0
0.0,2.936,2.936,30.0
0.0,2.931,2.94,31.0
0.0,2.888,2.886,32.0
0.0,2.884,2.884,33.0
0.0,2.885,2.878,34.0
0.0,2.883,2.884,35.0
0.0,2.885,2.877,36.0
0.0,2.883,2.884,37.0
0.0,2.883,2.884,38.0
0.0,2.882,2.883,39.0
0.0,2.936,2.936,40.0
0.0,2.936,2.928,42.0
0.0,2.937,2.935,43.0
0.0,2.936,2.936,44.0
0.0,2.936,2.936,45.0
0.0,2.936,2.936,46.0
0.0,2.936,2.936,47.0
0.0,2.883,2.882,48.0
0.0,2.883,2.875,49.0
0.0,2.884,2.883,50.0
0.0,2.884,2.884,52.0
0.0,2.885,2.88,53.0
0.0,2.882,2.884,54.0
0.0,2.884,2.884,55.0
0.0,2.936,2.927,56.0
0.0,2.936,2.936,57.0
0.0,2.939,2.936,58.0
0.0,2.936,2.936,59.0
0.0,2.936,2.936,60.0
0.0,2.936,2.947,61.0
0.0,2.937,2.937,62.0
0.0,2.936,2.936,63.0
0.0,2.885,2.877,64.0
0.0,2.884,2.889,65.0
0.0,2.884,2.883,66.0
0.0,2.883,2.883,67.0
0.0,2.882,2.883,68.0
0.0,2.882,2.883,69.0
0.001,2.884,2.889,70.0
0.0,2.884,2.891,71.0
0.0,2.936,2.937,72.0
0.0,2.936,2.936,73.0
0.0,2.936,2.936,74.0
0.0,2.936,2.937,75.0
0.0,2.936,2.936,76.0
0.0,2.936,2.936,77.0
0.0,2.936,2.936,78.0
0.0,2.937,2.936,79.0
